hahnechodecay
R2: 0.982364
T2: 2.627604e+03 	 1.060923e+02
A: 1.367911e-01 	 6.992934e-03
y0: 8.620381e-01 	 5.422339e-03
